4.258237259893178916e-01
6.983696674536663540e-01
5.191809287313658983e-01
4.912023069857152646e-01
5.052445826888110059e-01
4.541955704104872482e-01
3.757031532412570263e-01
3.752313270271390722e-01
3.774418975147582622e-01
4.350558184700427655e-01
3.225193866599965764e-01
3.225193866599965764e-01
3.218266228506201920e-01
3.225401096768633069e-01
3.201490986143196160e-01
3.215230576708264509e-01
3.135191380223835700e-01
3.135191380223835700e-01
3.135191380223835700e-01
3.098684579238485948e-01
3.089795783206082391e-01
3.086151524969827364e-01
3.031644814035860391e-01
3.004403805447598552e-01
3.019612580893291098e-01
2.953479593200458164e-01
2.954295830355290198e-01
2.930837151701592980e-01
2.924170135095222611e-01
2.901912081311426861e-01
2.885783648056908235e-01
2.812487290129004891e-01
2.780686057239594722e-01
2.576664783787688817e-01
2.576679485519541846e-01
2.578018263910297758e-01
2.576286640674843031e-01
2.481558144712716352e-01
2.476286479920814243e-01
2.483582103802748631e-01
2.494267185489983940e-01
2.483871733389807490e-01
2.449588557180224224e-01
2.413794774188609826e-01
2.412764950955905707e-01
2.409758036867002962e-01
2.380913124519768997e-01
2.403607792410344390e-01
2.394781106015594907e-01
2.393921915609374673e-01
2.391263650999488344e-01
2.391263650999488344e-01
2.391293962741336543e-01
2.372725785303614054e-01
2.385628979459708254e-01
2.362951737336684288e-01
2.375949741248783720e-01
2.327925879876377446e-01
2.327881257799532255e-01
2.325079853439721567e-01
2.319849193750502803e-01
2.319839876255857247e-01
2.321898077654225845e-01
2.318425385240661940e-01
2.316613685957379931e-01
2.310482900162203757e-01
2.316394846854958334e-01
2.300552056352439811e-01
2.300552056352437869e-01
2.296391559793642956e-01
2.277557763440938576e-01
2.274415306799244252e-01
2.281085215497724028e-01
2.276003679014736991e-01
2.259997383953521732e-01
2.259945364098459031e-01
2.258140226854152277e-01
2.258124081657869875e-01
2.243829705643218264e-01
2.244123270222549149e-01
2.243313572590545368e-01
2.242598552395914102e-01
2.242321866303013944e-01
2.240189940512425093e-01
2.240368122067920575e-01
2.239433239423080368e-01
2.239430622538888804e-01
2.237561042662900290e-01
2.237590143993329617e-01
2.235178232308676349e-01
2.235160878972531906e-01
2.234577143031618862e-01
2.233217375733456966e-01
2.222732942052303706e-01
2.222616318288629655e-01
2.222658259506559431e-01
2.222965140360774750e-01
2.222672111557552621e-01
2.221076528552736185e-01
2.221073759042347939e-01
2.221013959217415790e-01
2.220277422984597571e-01
2.220060336727709416e-01
2.220009137331014348e-01
2.220123987809962396e-01
2.219981621098398306e-01
2.219830805350100078e-01
2.219777791330198313e-01
2.219574752086786174e-01
2.219480655694288929e-01
2.218070570388301910e-01
2.217878564287249221e-01
2.217580931937864486e-01
2.216119739751135354e-01
2.208007595576849114e-01
2.207831275440179097e-01
2.207934378393930086e-01
2.207567650565782913e-01
2.207567068020024059e-01
2.207628969110975448e-01
2.207248104210942086e-01
2.207039821124045786e-01
2.204708388839770328e-01
2.204341026770066658e-01
2.204106559064826498e-01
2.204171267423183089e-01
2.203675850780684731e-01
2.203838633941029856e-01
2.192867211447716014e-01
2.192340924848431294e-01
2.192101891995245633e-01
2.191662708191026432e-01
2.180972239556909775e-01
2.184131822127639289e-01
2.180433019668764905e-01
2.179952271915220063e-01
2.179833297413374393e-01
2.179775099210130851e-01
2.178608566557917181e-01
2.173083419337356881e-01
2.173083419337356881e-01
2.171879551455333512e-01
2.170988650930775754e-01
2.171586533322252544e-01
2.171495508114624773e-01
2.170659687515877623e-01
2.170643018395932156e-01
2.170639235222272811e-01
2.170233496200181245e-01
2.170251196936544280e-01
2.170020937836043828e-01
2.170158222019529792e-01
2.169367675289261832e-01
2.160001651549781077e-01
2.160007988318132510e-01
2.159822613899257115e-01
2.160206573044006206e-01
2.159100865730662899e-01
2.159254584503115804e-01
2.159081454512941922e-01
2.159369415504155121e-01
2.158671915435267930e-01
2.158140569414967180e-01
2.157479482940425908e-01
2.155129207393099988e-01
2.154565481383420300e-01
2.154165440738429749e-01
2.153737462230431998e-01
2.153009907434762782e-01
2.153009907434762782e-01
2.151906756405005394e-01
2.152332197602801200e-01
2.152034551462675693e-01
2.150104190974684581e-01
2.150098794187921825e-01
2.149405536292741670e-01
2.149307049649139267e-01
2.148380276959471202e-01
2.148380276959471202e-01
2.148598177359132277e-01
2.147808433089824776e-01
2.147701227071476260e-01
2.147679769086983104e-01
2.147538777904766105e-01
2.147477924453148612e-01
2.147315519548379237e-01
2.146697188602620376e-01
2.146740321866965062e-01
2.146301362543267255e-01
2.146557499780932521e-01
2.146381659268151998e-01
2.146438420027379501e-01
2.146323848419137148e-01
2.146061846412450347e-01
2.145644018312293511e-01
2.145950552361063912e-01
2.145530966826894315e-01
2.146030305416024853e-01
2.145852333683342383e-01
2.145671863417351888e-01
2.145643481153381993e-01
2.145410627858758967e-01
2.145398625204261445e-01
2.145244502871556935e-01
2.143960112189552958e-01
2.144282140784405932e-01
2.144179041940783570e-01
2.143907742569244601e-01
2.143750570973685377e-01
2.143367258378371665e-01
2.143509564545166557e-01
2.143064327247063694e-01
2.143147711593691440e-01
2.143109343039733827e-01
2.142872652775646702e-01
2.142912644859478466e-01
2.142834134422274550e-01
2.142347161396205568e-01
2.142341370968709191e-01
2.142198753517750298e-01
2.142179524868567109e-01
2.142099215638366694e-01
2.141181421005042829e-01
2.141860817695284136e-01
2.141878922368564420e-01
2.141518728698595941e-01
2.141224910916168234e-01
2.141194276857854573e-01
2.141183854099213968e-01
2.141119509416374300e-01
2.140431940612520789e-01
2.139975530571234241e-01
2.139940327980550394e-01
2.140066697013401908e-01
2.139996921978614408e-01
2.139896362665658913e-01
2.139519312933208517e-01
2.139507111056674071e-01
2.138799268005392717e-01
2.138799318910984404e-01
2.136422171569375417e-01
2.115973748622271000e-01
2.102226792236188135e-01
2.102954184179406938e-01
2.101359704915843896e-01
2.091457061586403099e-01
2.090432952234224373e-01
2.089429509578533961e-01
2.089035696871986703e-01
2.088293356797148170e-01
2.088803768002439609e-01
2.088259535312490256e-01
2.088807580956954790e-01
2.084843619100650580e-01
2.084130605219024490e-01
2.084126511016282379e-01
2.084124541175040868e-01
2.080203502353741574e-01
2.080620357460913894e-01
2.080020725156750960e-01
2.080214809553205813e-01
2.080009948299613165e-01
2.080159675698512456e-01
2.079974956439079314e-01
2.078104497264344208e-01
2.077749734474407250e-01
2.077978869273148232e-01
2.077948792773895714e-01
2.077476819298454402e-01
2.077292186294605048e-01
2.076718194439199361e-01
2.076880574603386653e-01
2.071612098054146367e-01
2.071604517033508452e-01
2.071501165973561598e-01
2.071045718776837463e-01
2.070860375856546642e-01
2.070584159187867923e-01
2.070556538673152813e-01
2.070038921807119681e-01
2.069495364524305547e-01
2.069076491701924703e-01
2.069076491700151677e-01
2.069078300998541675e-01
2.062253421490475025e-01
2.062021310471515434e-01
2.059229086626714611e-01
2.059240172050698925e-01
2.058663003270788383e-01
2.058512749125829544e-01
2.058505808749070687e-01
2.058505808749045984e-01
2.058598987334357422e-01
2.058145096351728931e-01
2.057993682858496876e-01
2.057894780433445203e-01
2.057883967638589884e-01
2.057763483424791540e-01
2.057327402573761177e-01
2.057486914931117017e-01
2.057444743324491343e-01
2.057146267780844140e-01
2.057085460626876527e-01
2.056803336387754144e-01
2.056076934219119579e-01
2.055870567320044195e-01
2.055981417888859963e-01
2.055750164581472694e-01
2.055750204829797090e-01
2.055956192961989615e-01
2.055633237884933184e-01
2.055841677438330906e-01
2.055756702847085227e-01
2.055459172895870434e-01
2.055266802859717634e-01
2.055263671962275496e-01
2.055246026171248519e-01
2.055336554448491393e-01
2.055224744677105198e-01
2.055313123281507504e-01
2.055284585809848963e-01
2.055259019071987159e-01
2.054210598225392759e-01
2.054806111229698362e-01
2.054960332756278485e-01
2.054496725280248459e-01
2.054529484054955779e-01
2.054569171147475615e-01
2.054255638447750332e-01
2.054271905093651707e-01
2.054271886513081291e-01
2.054390390473527228e-01
2.054301036022715965e-01
2.054180265738260458e-01
2.053885899099457402e-01
2.053230733359213689e-01
2.052851490870146456e-01
2.053425189071305113e-01
2.051903173978945893e-01
2.051903548251434450e-01
2.051907322535176936e-01
2.052080698197424891e-01
2.051865560734254246e-01
2.051778082276725368e-01
2.051497333709386972e-01
2.051454519759169925e-01
2.051352875740974357e-01
2.051315809374822940e-01
2.051289727089549431e-01
2.050946556191322323e-01
2.050271097470024728e-01
2.050121048418269976e-01
2.050162800157155907e-01
2.049972848501817047e-01
2.049551637223730460e-01
2.049597376927919934e-01
2.049702447095927971e-01
2.049688304623629720e-01
2.049718113885254378e-01
2.048907286529670635e-01
2.048052810304799021e-01
2.048056267570062539e-01
2.047522559765357908e-01
2.047067125119742537e-01
2.046939113845485381e-01
2.046943572351991314e-01
2.046907877031827472e-01
2.046178148739255798e-01
2.046152429718722243e-01
2.046152429718722243e-01
2.046125512553717551e-01
2.046073714713155522e-01
2.045964476812258681e-01
2.045926001628719237e-01
2.045627062232371340e-01
2.045318071392319137e-01
2.045317840311454416e-01
2.045943091926913371e-01
2.045455334427403737e-01
2.045432004617229460e-01
2.045191714047871756e-01
2.044848484238803166e-01
2.044618678584958216e-01
2.044643598387017869e-01
2.044617356657633389e-01
2.043998045429328836e-01
2.044113822823153959e-01
2.044005823595178573e-01
2.043883282012565195e-01
2.043552229706328827e-01
2.043425579363675471e-01
2.043375200573842865e-01
2.043142226300382336e-01
2.043069247335206340e-01
2.043220519726737516e-01
2.042979818758566268e-01
2.042897715130214675e-01
2.042429154037281869e-01
2.041617625724594098e-01
2.040720659985544028e-01
2.040552344269189466e-01
2.040552344269189466e-01
2.038953589077048822e-01
2.040282189223430742e-01
2.035520102419210997e-01
2.035200087740079156e-01
2.035076615964393487e-01
2.034844952343211333e-01
2.034031054124970650e-01
2.033943025130414695e-01
2.033387033174097469e-01
2.033250484609094855e-01
2.033246364737771872e-01
2.033440611004363741e-01
2.032970690747415432e-01
2.033063437452866107e-01
2.033091291661405231e-01
2.032949365948530651e-01
2.032662409525030911e-01
2.032662409525030911e-01
2.032590021011328740e-01
2.032480417799350514e-01
2.032312275594220230e-01
2.032329972874790947e-01
2.031834739514926103e-01
2.031867179898229070e-01
2.031777620599252709e-01
2.031613883212885774e-01
2.031472905383273631e-01
2.031452204723832033e-01
2.030866160558852107e-01
2.031252098627172042e-01
2.021358584836550898e-01
2.030818272673522717e-01
2.030693863437991464e-01
2.030516615250903545e-01
2.030522413235905377e-01
2.030450828146523889e-01
2.030148476470949315e-01
2.030085733686481653e-01
2.029976237657273030e-01
2.029953287254192829e-01
2.029959711484919660e-01
2.028216783493036468e-01
2.028244964868415046e-01
2.029971176669246036e-01
2.029116858770139697e-01
2.028580983914313185e-01
2.028265286450385285e-01
2.028605628845286113e-01
2.028654797260102671e-01
2.028022575121140314e-01
2.027988394584977483e-01
2.028016273038409367e-01
2.028010805813743322e-01
2.028012777305383540e-01
2.027547221186197512e-01
2.027565035828343687e-01
2.027564129374209712e-01
2.027257111937223466e-01
2.027289163955184881e-01
2.027289906197338731e-01
2.027252391688236788e-01
2.027006507581650963e-01
2.027263338969336748e-01
2.006579920926283567e-01
2.006524951547253577e-01
2.006524951547253577e-01
2.006239092498653120e-01
2.005916385893561360e-01
2.005872068668052566e-01
2.005861770567141100e-01
2.004761042059781395e-01
2.005641071069050596e-01
2.004990922355065486e-01
2.004896717578226462e-01
2.004264387830749505e-01
2.004232972306780047e-01
2.004125487162684849e-01
2.002619680350530840e-01
1.998660923874421014e-01
2.000844801908631121e-01
2.001731385186344414e-01
1.999505270233524201e-01
1.999505673055658739e-01
1.999177035958297488e-01
1.998979874787690791e-01
1.999082172365175269e-01
1.999206182055281167e-01
1.998613776806001940e-01
1.998427568960975675e-01
1.998391341963705048e-01
1.998362814021704681e-01
1.998386151330713290e-01
1.998309472666776054e-01
1.998418659844627965e-01
1.998071212266750163e-01
1.997886890699539786e-01
1.997382444986740002e-01
1.997734228966041581e-01
1.997699380890353704e-01
1.994305507677037737e-01
1.991128819261133165e-01
1.990909397513425660e-01
1.990833638451855458e-01
1.990600851078408451e-01
1.989273580262329033e-01
1.988516367623130165e-01
1.988554137392626042e-01
1.988954818598981933e-01
1.989346685688882788e-01
1.983087257463993225e-01
1.976715394536842918e-01
1.976354889956560279e-01
1.975477891682314580e-01
1.975320964568894055e-01
1.972903979809009223e-01
1.972839067823846382e-01
1.972448241070700881e-01
1.971025264210264638e-01
1.970633376882652277e-01
1.964430792004889792e-01
1.963650396115630692e-01
1.963239192867908822e-01
1.963144117478465844e-01
1.963056433458013339e-01
1.962932633526910664e-01
1.962932633526910664e-01
1.962679108041464615e-01
1.962557922180382664e-01
1.962548065576185108e-01
1.962491430692134831e-01
1.962191351144981222e-01
1.962030540983338012e-01
1.962121184145874109e-01
1.961800786974625954e-01
1.962185395220091277e-01
1.962192345037073460e-01
1.962145964345786420e-01
1.961760925118281595e-01
1.961760925118281595e-01
1.961289193475024006e-01
1.961491925237622003e-01
1.961222455698978795e-01
1.961073886342672989e-01
1.960661653972722296e-01
1.960623396987004885e-01
1.960554523387686432e-01
1.960620944776007291e-01
1.960056215384619882e-01
1.960369635388174991e-01
1.960009654191364470e-01
1.960205684306867424e-01
1.960164817862766473e-01
1.959559938808655977e-01
1.959580166252318789e-01
1.959691580818804790e-01
1.959813433450619258e-01
1.959263985268532848e-01
1.959201949020269451e-01
1.959126975484791755e-01
1.959256900748538033e-01
1.959211471753799783e-01
1.958776046658125547e-01
1.958558051176678416e-01
1.958599950085911368e-01
1.958586795567908156e-01
1.958485781190349995e-01
1.958604579549132474e-01
1.958425620657205934e-01
1.958468037686819097e-01
1.957920231140849732e-01
1.957796420661453152e-01
1.958083553407931054e-01
1.957545092415517440e-01
1.957469968625598633e-01
1.957417638970294638e-01
1.957524662702472829e-01
1.953172040191842040e-01
1.953065034045617099e-01
1.952951722867855566e-01
1.950857250164091672e-01
1.951140642314292128e-01
1.950021153099961158e-01
1.949856120302464191e-01
1.949733458196976910e-01
1.950808094218237365e-01
1.949717950263163690e-01
1.949717841925429351e-01
1.949490866752573159e-01
1.949287773683007208e-01
1.949225850024178253e-01
1.949102996828250278e-01
1.949209534047625647e-01
1.949071226193428985e-01
1.949021577809431083e-01
1.948792168059216567e-01
1.948630054986151272e-01
1.948535488392993675e-01
1.948511598648721421e-01
1.948432312907126263e-01
1.948561511175098959e-01
1.948404635609796709e-01
1.947720754489959682e-01
1.947959121820177775e-01
1.947448123683354071e-01
1.947603077530452864e-01
1.947416755500603058e-01
1.947274944848216838e-01
1.947277299519507288e-01
1.947231577960361892e-01
1.947294622027688216e-01
1.946956976896027092e-01
1.946878902559472657e-01
1.946882056221918844e-01
1.946809724658484786e-01
1.946826357425629206e-01
1.946828870298869807e-01
1.946802700896472504e-01
1.946767128864219376e-01
1.946596086926843938e-01
1.946564448857534269e-01
1.946671397717229524e-01
1.946680755475893587e-01
1.946480918711941677e-01
1.946576526912314475e-01
1.946598301455693680e-01
1.946582115158626003e-01
1.946517156713911956e-01
1.946375195963201965e-01
1.946234782985133971e-01
1.946219318561154266e-01
1.946218266508759065e-01
1.944985641723298853e-01
1.943464884968310324e-01
1.943837721784221761e-01
1.943392355036375474e-01
1.942464045753585222e-01
1.942457259505191991e-01
1.939971172832868906e-01
1.940051921440059668e-01
1.939985073372848534e-01
1.939622015552790457e-01
1.939653187410876334e-01
1.939686408138448226e-01
1.939624243500306378e-01
1.939433453096264526e-01
1.939300624191429567e-01
1.939257554535666894e-01
1.939280106011055660e-01
1.939251798483462019e-01
1.939008921968244925e-01
1.939018241547144916e-01
1.938954105633392544e-01
1.939025052221628465e-01
1.938979459038786546e-01
1.938959691827598919e-01
1.938886267113699158e-01
1.938767553370332186e-01
1.938634571491171243e-01
1.938803761949982885e-01
1.938638341181921632e-01
1.938556121309668590e-01
1.938520245080745941e-01
1.938520245080745941e-01
1.938541095291306804e-01
1.938416747819042274e-01
1.938394484769651871e-01
1.938237723480664698e-01
1.937371310934000446e-01
1.937769381893675869e-01
1.938373604564187502e-01
1.938242866803070730e-01
1.938148349771700862e-01
1.938140954949064965e-01
1.938134851511945644e-01
1.937997826660489420e-01
1.937970970115646951e-01
1.937082113258454252e-01
1.937079958486569442e-01
1.937077107468268555e-01
1.936747296272747776e-01
1.936728774411982934e-01
1.936728481850359396e-01
1.936642644580076622e-01
1.936545558507848652e-01
1.936470438709565478e-01
1.936035785503334439e-01
1.936030422002820439e-01
1.935981944293342916e-01
1.935898065248657374e-01
1.935768973434723317e-01
1.935800658185703182e-01
1.933345342534179834e-01
1.934888104069198145e-01
1.934939034010028647e-01
1.934914689135454891e-01
1.934714821077243851e-01
1.934716843573867640e-01
1.934317775225533886e-01
1.934288413104384985e-01
1.934270542829173711e-01
1.933963128136457488e-01
1.933889884795952918e-01
1.933791400277433403e-01
1.933815756052534029e-01
1.933815756052534029e-01
1.933694099638238462e-01
1.933797902664566026e-01
1.933570609377939509e-01
1.933569987399034462e-01
1.933484667982083016e-01
1.933491201380613533e-01
1.933443943957251221e-01
1.933455049319573460e-01
1.933285725809636701e-01
1.933269224716521184e-01
1.932695116978939975e-01
1.932199169746914302e-01
1.932206189413448461e-01
1.932337040623871294e-01
1.932420867904896533e-01
1.929616834068996756e-01
1.929644462138969396e-01
1.929554516596481695e-01
1.929454484584895435e-01
1.929329809239931914e-01
1.929493900227590431e-01
1.929396464999239003e-01
1.929400272802914706e-01
1.929280722251490165e-01
1.929108384488016359e-01
1.929106126666117749e-01
1.929185426462814157e-01
1.929113347583009952e-01
1.926758354983070798e-01
1.927222311753829243e-01
1.926807061434769597e-01
1.926745455289919084e-01
1.925642376953166368e-01
1.923699639121040084e-01
1.923317375251378247e-01
1.923324411162216918e-01
1.923162057743214581e-01
1.923129208573815252e-01
1.923034884451758353e-01
1.923020268060906257e-01
1.922785693013367159e-01
1.922774283334390266e-01
1.919801444470295992e-01
1.919814544258541533e-01
1.919933209886223735e-01
1.919808022568782746e-01
1.921093612712865828e-01
1.920734237326842397e-01
1.919898509853713298e-01
1.919518666692194286e-01
1.919325549601147152e-01
1.918970859720858790e-01
1.919082659063514051e-01
1.919138432758331347e-01
1.906442256208299713e-01
1.906336987823418760e-01
1.917841628353295913e-01
1.917547902527854398e-01
1.917562554877324243e-01
1.917405361494502192e-01
1.917229342216932308e-01
1.917490671580401596e-01
1.917453274765581472e-01
1.917090615771125661e-01
1.917083571046078461e-01
1.916775039774738509e-01
1.916690938088678742e-01
1.916587725007256049e-01
1.916671416787154025e-01
1.916613564317827534e-01
1.916044167159967893e-01
1.916048318370508485e-01
1.916051854752989503e-01
1.916028983339894132e-01
1.915956790287200173e-01
1.915874830103802551e-01
1.915728085139964953e-01
1.915726735590414509e-01
1.915714235936904208e-01
1.915739640699604673e-01
1.914194377589912288e-01
1.914256341228710023e-01
1.914162422294339860e-01
1.915561877677676994e-01
1.915454414188323962e-01
1.915398446915235475e-01
1.915261209620099381e-01
1.915244120627685731e-01
1.915235938157191509e-01
1.915191958853497134e-01
1.915070395650631807e-01
1.915136614375973489e-01
1.915110929639011472e-01
1.915026721297147516e-01
1.915000203755111430e-01
1.914974884214398487e-01
1.915079961293498778e-01
1.915120502423030002e-01
1.915030237446144201e-01
1.914957936086945367e-01
1.914957936086945367e-01
1.914964762380855778e-01
1.914978562032633447e-01
1.914437996558556454e-01
1.914363698363461819e-01
1.914639238054345050e-01
1.914627081365967987e-01
1.914718136252187564e-01
1.914512633383023688e-01
1.914567066936591067e-01
1.914507561050180495e-01
1.914486173952550940e-01
1.914277817544081106e-01
1.914205208103840761e-01
1.914043533153481635e-01
1.913780928135123405e-01
1.913552492291389073e-01
1.913697166252124882e-01
1.913538336198462586e-01
1.913444269501261563e-01
1.913401673531854308e-01
1.913418998174469809e-01
1.913085765951977324e-01
1.913075881179815696e-01
1.912974759863538265e-01
1.912957052545483094e-01
1.912578042914408749e-01
1.912659882578022774e-01
1.912691898575485383e-01
1.912439491939209590e-01
1.912460474884839223e-01
1.912465255924487295e-01
1.912543413940849535e-01
1.912454961501289241e-01
1.912334529550641093e-01
1.912322681089563547e-01
1.912160959049223896e-01
1.912244215143995008e-01
1.912142955632221419e-01
1.912020390148282678e-01
1.912061758012114365e-01
1.911931421010475973e-01
1.911886512244269920e-01
1.911834674715847116e-01
1.911667867094686279e-01
1.911713651701473782e-01
1.911347280031187312e-01
1.911349203691566356e-01
1.911176356601851090e-01
1.911432734730065253e-01
1.911323213714349600e-01
1.911511743909093952e-01
1.911576854801589065e-01
1.911562163021916227e-01
1.911529037933627218e-01
1.911388786988989785e-01
1.911178018121338085e-01
1.911166730002484548e-01
1.911280094910901561e-01
1.911275017135306009e-01
1.911185622394176442e-01
1.911197689803835476e-01
1.911191341940643718e-01
1.911186265947010243e-01
1.911098202914895960e-01
1.910934706200231314e-01
1.910908741610586881e-01
1.910841565230567418e-01
1.910808955946877441e-01
1.910770128022261927e-01
1.898471746460810572e-01
1.898646541116973119e-01
1.895523246847326260e-01
1.895569535076321033e-01
1.894613120594604294e-01
1.894612017494494705e-01
1.894565114490897595e-01
1.894593596934466828e-01
1.894349455448177122e-01
1.893499631859902610e-01
1.894256447478402661e-01
1.894343124933991485e-01
1.891001390472607790e-01
1.891000327912114309e-01
1.882870625795812769e-01
1.882838449979971907e-01
1.882894232046523342e-01
1.881884646115595805e-01
1.882685563617029767e-01
1.882399400491779617e-01
1.882250212808667944e-01
1.882318458768820202e-01
1.881906663155884230e-01
1.881784393970131197e-01
1.881831713940468609e-01
1.879749975845602106e-01
1.879928392345215915e-01
1.878716083160556771e-01
1.879946565481476761e-01
1.878898281100473688e-01
1.878624632973498465e-01
1.877428424305052079e-01
1.877560309660443461e-01
1.877275602830231760e-01
1.877291303850140980e-01
1.877186460116256894e-01
1.877048216653497692e-01
1.876948402912566594e-01
1.877025415765193050e-01
1.877025635872342779e-01
1.876777847907204200e-01
1.876837041967059361e-01
1.876762752781176435e-01
1.876431383442304091e-01
1.876332393087880857e-01
1.876284233423993753e-01
1.876123985575199604e-01
1.876041874971153267e-01
1.876054027159421711e-01
1.875985463265737729e-01
1.875076310552512004e-01
1.875553263147034522e-01
1.874625767220239880e-01
1.874521523902499265e-01
1.874356123247625239e-01
1.874023041010985657e-01
1.874136723575744734e-01
1.873929262574181853e-01
1.873920645994636702e-01
1.873914864003731473e-01
1.873432718290552190e-01
1.873442083274343695e-01
1.873101329407987625e-01
1.871879682124163446e-01
1.871900383140945312e-01
1.871857232892587541e-01
1.872212934052144007e-01
1.871835542243663608e-01
1.871670711568304002e-01
1.871159960404763234e-01
1.871161784150436880e-01
1.871137943940154869e-01
1.871123974234256415e-01
1.871137911316525515e-01
1.870975038394073198e-01
1.870089628316455033e-01
1.869962387452054620e-01
1.869826460560491121e-01
1.868746116847731509e-01
1.868569257845426879e-01
1.868515514386963339e-01
1.868509874431991957e-01
1.868487239118453713e-01
1.863234884357142518e-01
1.861880088446116466e-01
1.860469899997879983e-01
1.860123104513552172e-01
1.859998869629486962e-01
1.859852597445354472e-01
1.855452152405007715e-01
1.855360783532638280e-01
1.855018078131696890e-01
1.854251074804717236e-01
1.854268620195384798e-01
1.853788440007052563e-01
1.853791596485422910e-01
1.853835717279945783e-01
1.853840316656311937e-01
1.853487757207274989e-01
1.853339875852147434e-01
1.853105119857109129e-01
1.851596182084121744e-01
1.851484469267052346e-01
1.851225951777958345e-01
1.851275246844002464e-01
1.851257773018377684e-01
1.851307580580229817e-01
1.851337445947505989e-01
1.851235567642085522e-01
1.851560690905924567e-01
1.847613550291390960e-01
1.848023807385489325e-01
1.848346740417619594e-01
1.846905346011630533e-01
1.845292853545698053e-01
1.845315757165997550e-01
1.845522375939546711e-01
1.844295630917619777e-01
1.842466597641027048e-01
1.842466452058799942e-01
1.841549953025791164e-01
1.841754466708254157e-01
1.841753618636129131e-01
