6.692629986240420381e-01
6.689496392856129070e-01
6.689496392856129070e-01
6.687845800716404332e-01
6.687845800716404332e-01
6.687845800716404332e-01
4.245098778354911007e-01
4.245098778354911007e-01
3.705022184230697957e-01
3.705022184230697957e-01
3.705022184230697957e-01
3.705022184230697957e-01
3.705022184230697957e-01
3.705022184230697957e-01
3.705022184230697957e-01
3.705022184230697957e-01
3.705022184230697957e-01
3.705022184230697957e-01
3.705022184230697957e-01
3.705022184230697957e-01
3.705022184230697957e-01
3.639652366162059449e-01
3.639652366162059449e-01
3.639652366162059449e-01
3.639652366162059449e-01
3.639652366162059449e-01
3.107626803366042023e-01
3.049553032184992296e-01
2.824771784209252901e-01
2.824771784209252901e-01
2.824771784209252901e-01
2.824771784209252901e-01
2.824771784209252901e-01
2.824771784209252901e-01
2.824771784209252901e-01
2.824771784209252901e-01
2.824771784209252901e-01
2.824771784209252901e-01
2.824771784209252901e-01
2.606289567407457097e-01
2.606289567407457097e-01
2.606289567407457097e-01
2.606289567407457097e-01
2.606289567407457097e-01
2.606289567407457097e-01
2.606289567407457097e-01
2.606289567407457097e-01
2.606289567407457097e-01
2.606289567407457097e-01
2.606289567407457097e-01
2.606289567407457097e-01
2.606289567407457097e-01
2.606289567407457097e-01
2.606289567407457097e-01
2.606289567407457097e-01
2.606289567407457097e-01
2.606289567407457097e-01
2.606289567407457097e-01
2.606289567407457097e-01
2.606289567407457097e-01
2.582849143537056524e-01
2.582849143537056524e-01
2.582849143537056524e-01
2.582849143537056524e-01
2.577831051255340955e-01
2.486527913373410559e-01
2.486527913373410559e-01
2.486527913373410559e-01
2.486527913373410559e-01
2.437052408245192203e-01
2.437052408245192203e-01
2.437052408245192203e-01
2.430622501445923178e-01
2.401570422147092654e-01
2.401570422147092654e-01
2.401570422147092654e-01
2.401570422147092654e-01
2.401570422147092654e-01
2.401570422147092654e-01
2.401570422147092654e-01
2.384319886036595504e-01
2.384319886036595504e-01
2.321632675462557971e-01
2.321632675462557971e-01
2.285870373453185445e-01
2.285870373453185445e-01
2.249783456307159479e-01
2.249783456307159479e-01
2.213639628429068529e-01
2.097249259038199976e-01
2.097249259038199976e-01
2.097249259038199976e-01
2.097249259038199976e-01
2.097249259038199976e-01
2.097249259038199976e-01
2.097249259038199976e-01
2.097249259038199976e-01
2.097249259038199976e-01
2.097249259038199976e-01
2.097249259038199976e-01
2.097249259038199976e-01
2.097249259038199976e-01
2.097249259038199976e-01
2.097249259038199976e-01
2.097249259038199976e-01
2.097249259038199976e-01
2.097249259038199976e-01
2.097249259038199976e-01
2.088722964301156226e-01
2.088722964301156226e-01
2.088722964301156226e-01
2.088722964301156226e-01
2.084471300633621849e-01
2.084471300633621849e-01
2.084471300633621849e-01
2.060836369818003500e-01
2.060836369818003500e-01
2.054414394638276464e-01
2.054414394638276464e-01
2.054414394638276464e-01
1.996759902755741722e-01
1.996759902755741722e-01
1.988734303642147871e-01
1.975629786171588242e-01
1.975629786171588242e-01
1.975629786171588242e-01
1.975305700724375169e-01
1.959986552576686580e-01
1.955150538624716994e-01
1.943694894764433911e-01
1.924141880332637111e-01
1.914738924101299644e-01
1.914738924101299644e-01
1.914738924101299644e-01
1.914738924101299644e-01
1.914738924101299644e-01
1.906857811455731633e-01
1.902160207337194320e-01
1.902160207337194320e-01
1.895270652085265795e-01
1.895270652085265795e-01
1.892831090272332484e-01
1.892831090272332484e-01
1.892831090272332484e-01
1.892831090272332484e-01
1.892831090272332484e-01
1.892831090272332484e-01
1.892831090272332484e-01
1.892831090272332484e-01
1.892831090272332484e-01
1.888364889755699827e-01
1.888364889755699827e-01
1.888364889755699827e-01
1.888364889755699827e-01
1.888364889755699827e-01
1.888364889755699827e-01
1.888364889755699827e-01
1.888025403127746027e-01
1.887442031548812460e-01
1.878428595480549912e-01
1.876527482206078734e-01
1.876527482206078734e-01
1.876527482206078734e-01
1.876527482206078734e-01
1.871888386951716665e-01
1.871888386951716665e-01
1.871888386951716665e-01
1.870954625970865648e-01
1.868247210490785182e-01
1.868247210490785182e-01
1.868247210490785182e-01
1.867178799370938225e-01
1.866733975952232505e-01
1.863780763407812679e-01
1.860589368975099078e-01
1.858656004344305113e-01
1.854943071554156220e-01
1.854943071554156220e-01
1.854943071554156220e-01
1.847295610158648793e-01
1.846819715142147822e-01
1.846239729498005133e-01
1.842662963624306094e-01
1.837982013919402802e-01
1.835110268790439148e-01
1.833220864041911202e-01
1.830277437049256661e-01
1.828559440123012914e-01
1.825626006961470205e-01
1.821961278127310624e-01
1.820510465005568401e-01
1.819330153948738593e-01
1.816712716545592909e-01
1.816053063717168736e-01
1.812755197459412215e-01
1.810326508924034739e-01
1.808898646714935943e-01
1.806534085087121155e-01
1.805904708707091189e-01
1.805573059609824615e-01
1.803800990461332798e-01
1.803800990461332798e-01
1.803424315004558132e-01
1.803325539985078663e-01
1.803325539985078663e-01
1.802751750841150025e-01
1.802543928148449548e-01
1.802543928148449548e-01
1.802409178965477254e-01
1.802340072213304834e-01
1.802217192403335888e-01
1.801918395043522469e-01
1.801533215784072994e-01
1.801480077245350975e-01
1.801480077245350975e-01
1.800779219302953982e-01
1.799036791614339603e-01
1.799036791614339603e-01
1.799036791614339603e-01
1.798713570310441767e-01
1.797922076432903193e-01
1.796899223895715436e-01
1.795947140915590545e-01
1.795098703124746176e-01
1.794054074139489197e-01
1.793096725148529136e-01
1.791768998755704501e-01
1.790668776582988453e-01
1.789385978848850312e-01
1.787834162211417166e-01
1.787106103127311940e-01
1.784778596607134171e-01
1.783310293761176668e-01
1.782040886769161447e-01
1.780259380527206836e-01
1.778103557096690490e-01
1.776553407907304760e-01
1.775192533504185988e-01
1.773921895855150310e-01
1.772548505518076190e-01
1.771085357198739496e-01
1.770109482608701601e-01
1.769555919958294143e-01
1.768169519723779282e-01
1.766789199063848737e-01
1.766671997411675965e-01
1.765799630649890206e-01
1.765786765501711209e-01
1.765162587804990080e-01
1.765162587804990080e-01
1.765155088342492129e-01
1.765070467320584147e-01
1.764812074189474611e-01
1.764749713771449624e-01
1.764742410396522854e-01
1.764659333137072184e-01
1.764404559667481220e-01
1.764404559667481220e-01
1.764148984451938129e-01
1.764005766249252816e-01
1.763748619114421101e-01
1.763637298457756408e-01
1.763505689518014008e-01
1.763307275867618817e-01
1.763075945632866237e-01
1.762876998074069113e-01
1.762714647812273494e-01
1.762579683482523030e-01
1.762305320484652549e-01
1.762023371058031862e-01
1.761839218551027042e-01
1.761542545830568074e-01
1.761062789903092007e-01
1.760705339112638990e-01
1.760444442921236807e-01
1.760136596941848930e-01
1.759592581364037289e-01
1.759177737354640503e-01
1.758661385431277147e-01
1.758259515120477734e-01
1.757884856304357257e-01
1.757326124964903313e-01
1.756518081566108558e-01
1.755857851715510454e-01
1.755318391996971705e-01
1.754877565476794521e-01
1.754317801084621653e-01
1.753404944467402415e-01
1.752536458952847487e-01
1.751784312120573395e-01
1.750876225307207157e-01
1.750086380854215529e-01
1.749376717341961096e-01
1.748472684457475501e-01
1.747636782143371925e-01
1.746880075672375410e-01
1.745820610937816320e-01
1.744186363991818978e-01
1.742842719518108985e-01
1.741414930341740608e-01
1.740218444851698298e-01
1.739214398036878217e-01
1.737795292475989295e-01
1.735884329954735517e-01
1.734470883814343833e-01
1.733405591558057901e-01
1.732620782546134275e-01
1.731654410215072715e-01
1.730415400913024038e-01
1.729658583182046572e-01
1.728510941966005798e-01
1.727683468706620595e-01
1.726755075967723874e-01
1.725754679430960004e-01
1.725062209714469108e-01
1.724599531766146387e-01
1.723889058678316211e-01
1.723504161504827437e-01
1.722602774941937587e-01
1.722033692357242685e-01
1.721594497370430299e-01
1.720977463478388370e-01
1.720546047900111397e-01
1.720264129156987565e-01
1.719938645686885925e-01
1.719738189678643447e-01
1.719325041670157483e-01
1.718983332234301498e-01
1.718653897926094853e-01
1.717811440143996726e-01
1.717170623112242445e-01
1.716584271384191951e-01
1.715832393318011406e-01
1.715352448525092055e-01
1.714967879912132342e-01
1.714081622181732045e-01
1.713394407948435338e-01
1.712865577211055146e-01
1.712381602317022966e-01
1.711665762445067629e-01
1.710841066930557930e-01
1.710334726902908165e-01
1.709807184953362480e-01
1.709243229319120094e-01
1.708495255657061229e-01
1.707492000954997369e-01
1.706536119715478250e-01
1.705897555804543053e-01
1.705507668296284696e-01
1.705144107689670618e-01
1.704777772902517641e-01
1.704637168178168294e-01
1.704451558910157483e-01
1.704442642627359006e-01
1.704380244381564491e-01
1.704330547271342422e-01
1.704211260627452040e-01
1.704130116166778786e-01
1.703987970479065028e-01
1.703845160624688215e-01
1.703708663501445342e-01
1.703559294794717016e-01
1.703452916173407716e-01
1.703395871963866715e-01
1.703191538033647090e-01
1.703074568492812524e-01
1.702960267144045525e-01
1.702841166450526078e-01
1.702696615998374741e-01
1.702525081364251458e-01
1.702357851786745202e-01
1.702182733534391146e-01
1.701988713693331767e-01
1.701684316680413811e-01
1.701507226634008108e-01
1.701407906976231954e-01
1.701236493290339824e-01
1.701093248351393250e-01
1.700936944042505672e-01
1.700602286815285913e-01
1.700361710037721630e-01
1.700279452115111833e-01
1.700204094020313639e-01
1.700071900593157215e-01
1.699851863872230140e-01
1.699687275621227234e-01
1.699568715204267388e-01
1.699310428297981235e-01
1.699073539668856658e-01
1.698843211537208464e-01
1.698613982289649271e-01
1.673708152604742871e-01
1.673708152604742871e-01
1.673708152604742871e-01
1.673708152604742871e-01
1.673708152604742871e-01
1.673708152604742871e-01
1.673708152604742871e-01
1.673708152604742871e-01
1.673708152604742871e-01
1.673708152604742871e-01
1.673708152604742871e-01
1.673708152604742871e-01
1.673708152604742871e-01
1.673708152604742871e-01
1.673708152604742871e-01
1.673708152604742871e-01
1.673708152604742871e-01
1.673708152604742871e-01
1.673708152604742871e-01
1.673708152604742871e-01
1.673708152604742871e-01
1.673708152604742871e-01
1.673708152604742871e-01
1.673708152604742871e-01
1.673708152604742871e-01
1.673708152604742871e-01
1.673708152604742871e-01
1.673708152604742871e-01
1.673708152604742871e-01
1.673708152604742871e-01
1.673708152604742871e-01
1.673708152604742871e-01
1.673708152604742871e-01
1.667481515956083793e-01
1.667481515956083793e-01
1.667481515956083793e-01
1.667481515956083793e-01
1.667481515956083793e-01
1.667481515956083793e-01
1.667481515956083793e-01
1.667481515956083793e-01
1.667481515956083793e-01
1.667481515956083793e-01
1.667481515956083793e-01
1.667481515956083793e-01
1.627817373266674528e-01
1.627817373266674528e-01
1.627817373266674528e-01
1.627817373266674528e-01
1.627817373266674528e-01
1.626015194188731861e-01
1.626015194188731861e-01
1.626015194188731861e-01
1.622266892410782202e-01
1.622266892410782202e-01
1.622266892410782202e-01
1.622266892410782202e-01
1.622266892410782202e-01
1.622266892410782202e-01
1.622266892410782202e-01
1.622266892410782202e-01
1.622266892410782202e-01
1.622266892410782202e-01
1.622266892410782202e-01
1.622266892410782202e-01
1.622266892410782202e-01
1.622266892410782202e-01
1.622266892410782202e-01
1.621367199639184020e-01
1.619097120435346870e-01
1.618807537393316676e-01
1.618807537393316676e-01
1.618807537393316676e-01
1.618807537393316676e-01
1.618807537393316676e-01
1.618807537393316676e-01
1.618807537393316676e-01
1.618807537393316676e-01
1.618807537393316676e-01
1.618769948119234969e-01
1.618652878515631222e-01
1.618652878515631222e-01
1.618652878515631222e-01
1.618652878515631222e-01
1.618552721867092259e-01
1.618403675768079197e-01
1.618325077730023431e-01
1.618299013929611063e-01
1.618299013929611063e-01
1.618299013929611063e-01
1.618299013929611063e-01
1.618248285167301903e-01
1.618241970712732680e-01
1.618241970712732680e-01
1.618241970712732680e-01
1.618241970712732680e-01
1.618199823936890269e-01
1.618174351522375376e-01
1.618162767385017964e-01
1.618161556022349734e-01
1.618161556022349734e-01
1.618161556022349734e-01
1.618161556022349734e-01
1.618161487318080793e-01
1.617507870067098341e-01
1.617507870067098341e-01
1.617507870067098341e-01
1.617507870067098341e-01
1.617507870067098341e-01
1.617507870067098341e-01
1.617507870067098341e-01
1.617507870067098341e-01
1.617438889824157899e-01
1.617184258281287590e-01
1.615927884333667186e-01
1.615927884333667186e-01
1.615927884333667186e-01
1.615927884333667186e-01
1.612935198953163174e-01
1.612935198953163174e-01
1.612935198953163174e-01
1.612935198953163174e-01
1.612935198953163174e-01
1.612935198953163174e-01
1.612935198953163174e-01
1.612935198953163174e-01
1.612935198953163174e-01
1.612935198953163174e-01
1.612935198953163174e-01
1.612935198953163174e-01
1.612935198953163174e-01
1.612935198953163174e-01
1.612935198953163174e-01
1.612935198953163174e-01
1.612935198953163174e-01
1.612935198953163174e-01
1.612935198953163174e-01
1.612401716992834244e-01
1.610504689981175630e-01
1.610504689981175630e-01
1.610504689981175630e-01
1.610504689981175630e-01
1.610504689981175630e-01
1.610444980925399006e-01
1.610444980925399006e-01
1.610444980925399006e-01
1.609518921813194725e-01
1.609518921813194725e-01
1.608984989976223745e-01
1.608984989976223745e-01
1.608117275328103390e-01
1.608117275328103390e-01
1.608028421979716960e-01
1.608028421979716960e-01
1.608028421979716960e-01
1.608028421979716960e-01
1.608028421979716960e-01
1.608028421979716960e-01
1.608028421979716960e-01
1.607479177365116751e-01
1.607479177365116751e-01
1.607479177365116751e-01
1.607479177365116751e-01
1.607377096988021337e-01
1.607225233418899946e-01
1.607225233418899946e-01
1.607225233418899946e-01
1.606723091267195924e-01
1.606723091267195924e-01
1.606723091267195924e-01
1.606723091267195924e-01
1.606148929543361747e-01
1.605338516467728349e-01
1.605338516467728349e-01
1.604810869703074960e-01
1.603927650219743595e-01
1.603360007936393550e-01
1.603028886319123048e-01
1.602873598770145624e-01
1.602847527569241926e-01
1.602847527569241926e-01
1.602847527569241926e-01
1.602764945208817182e-01
1.602105652764376775e-01
1.602105652764376775e-01
1.602044096317105093e-01
1.602021418974962919e-01
1.601338371705437191e-01
1.600906761097376785e-01
1.600656016064875009e-01
1.600537692738870921e-01
1.600519528003793157e-01
1.600116540629528128e-01
1.599600601827418922e-01
1.599180610777009570e-01
1.598838070940378220e-01
1.598558748432177545e-01
1.598331521042263836e-01
1.598049887655856038e-01
1.597761325689067424e-01
1.597580672935948742e-01
1.597163369387297749e-01
1.596750176640003294e-01
1.596191370937414533e-01
1.596080445440671847e-01
1.596080445440671847e-01
1.596057649061756456e-01
1.595403461902339670e-01
1.595095550025337205e-01
1.594797387496127150e-01
1.594797387496127150e-01
1.594187624478441423e-01
1.593503521616549401e-01
1.593120587167080326e-01
1.592954941112205425e-01
1.592946259369026063e-01
1.592913463824190134e-01
1.592668774022287792e-01
1.592368997690982724e-01
1.592174755427734067e-01
1.592058245359579127e-01
1.591561738750047750e-01
1.591229623283218209e-01
1.590914777714803052e-01
1.590399890513289616e-01
1.590399890513289616e-01
1.589819201863674480e-01
1.589819201863674480e-01
1.589663298330184493e-01
1.589602841301788472e-01
1.589405000684681601e-01
1.589405000684681601e-01
1.589298473624030650e-01
1.589298473624030650e-01
1.589298473624030650e-01
1.588902063097932527e-01
1.588902063097932527e-01
1.588871134251536310e-01
1.588608071147800671e-01
1.588539311947804455e-01
1.588434596011094324e-01
1.588281361021541549e-01
1.588005568106182763e-01
1.587889504622953807e-01
1.587797275927017582e-01
1.587469927153605520e-01
1.587249800672883016e-01
1.587161821518024429e-01
1.587035683243038786e-01
1.586840566799689878e-01
1.586652982667370315e-01
1.586474875077016622e-01
1.586111538057796422e-01
1.585987363908503422e-01
1.585782591303587785e-01
1.585370742645743625e-01
1.585158506777525622e-01
1.584962943607399199e-01
1.584674430025503067e-01
1.584431856691886908e-01
1.584225124573074572e-01
1.583675896711548015e-01
1.583107537363874218e-01
1.582706535967474959e-01
1.582434560732638440e-01
1.582206131425122064e-01
1.581835797595255444e-01
1.581417624709217651e-01
1.581113192297060599e-01
1.580709046028307974e-01
1.580248770181623963e-01
1.579912191850826875e-01
1.579743650161540280e-01
1.579544423248788187e-01
1.579318468406983866e-01
1.579209638667141424e-01
1.578909937146514564e-01
1.578689499641265925e-01
1.578560352742617301e-01
1.578482420272125653e-01
1.578392024304316743e-01
1.578322119804748125e-01
1.578238103731200159e-01
1.577919049814641428e-01
1.577666215841976860e-01
1.577533636676870521e-01
1.577490657001970331e-01
1.577490657001970331e-01
1.577490657001970331e-01
1.577169688118326696e-01
1.577169688118326696e-01
1.577169688118326696e-01
1.577169688118326696e-01
1.577169688118326696e-01
1.576973632525201785e-01
1.576973632525201785e-01
1.576723149846750993e-01
1.576723149846750993e-01
1.576375370340116766e-01
1.576032381416235806e-01
1.576032381416235806e-01
1.574928260071038477e-01
1.574928260071038477e-01
1.574928260071038477e-01
1.574928260071038477e-01
1.574928260071038477e-01
1.574928260071038477e-01
1.574749438877592889e-01
1.574749438877592889e-01
1.574693360923735130e-01
1.574634916437966103e-01
1.574623452703541593e-01
1.574623452703541593e-01
1.574358597126559456e-01
1.573758200363434279e-01
1.573758200363434279e-01
1.573758200363434279e-01
1.573758200363434279e-01
1.573184089789889384e-01
1.573184089789889384e-01
1.573184089789889384e-01
1.572750048892136432e-01
1.572488972261826268e-01
1.572488972261826268e-01
1.572371480758067430e-01
1.572164303397856344e-01
1.572164303397856344e-01
1.572033228655192738e-01
1.570807954771284431e-01
1.570049626065788406e-01
1.569671496701678104e-01
1.569595783888919349e-01
1.569527330976508150e-01
1.568595305366742299e-01
1.568034561341590527e-01
1.566683913690907759e-01
1.565975899876583532e-01
1.565764675620646418e-01
1.565051539756515397e-01
1.564334195758048107e-01
1.563469891583599836e-01
1.562795229684472986e-01
1.562185321380852310e-01
1.560975057565765489e-01
1.559806059627438790e-01
1.558271556223849164e-01
1.557345910859368188e-01
1.556556426913308366e-01
1.555840715292138576e-01
1.554927292088070512e-01
1.553718110888188952e-01
1.552760658269073668e-01
1.552323326756409605e-01
1.551876967739918844e-01
1.550237131763233245e-01
1.549078735105330618e-01
1.547883385473471096e-01
1.547238838219254231e-01
1.545750515730735519e-01
1.544534344708532736e-01
1.543638584759730314e-01
1.543385513584384638e-01
1.541822872831475622e-01
1.540570966261789188e-01
1.539815497546308531e-01
1.539400327572117699e-01
1.539208068580927569e-01
1.539024299407451279e-01
1.537989243308597875e-01
1.537989243308597875e-01
1.537803332470224771e-01
1.537173494198765256e-01
1.536651385945622394e-01
1.536651385945622394e-01
1.536597846832024605e-01
1.536089994948732496e-01
1.535968155714523831e-01
1.535536031312966510e-01
1.535411297595467295e-01
1.535411297595467295e-01
1.535410635713173044e-01
1.534865131268277894e-01
1.534387125571729238e-01
1.533967335862619630e-01
1.533597879192448443e-01
1.533181912886865950e-01
1.532806858765911051e-01
1.532439122274195931e-01
1.532014192901209604e-01
1.531722124178866162e-01
1.531533014711782825e-01
1.530676974212552832e-01
1.530353784632026148e-01
1.530135620902003946e-01
1.529557188992017591e-01
1.529014236259113313e-01
1.528562212582973978e-01
1.528184256291506282e-01
1.527583204328442357e-01
1.526940169807851910e-01
1.526733840031259670e-01
1.525672709752957934e-01
1.525262166213788573e-01
1.524696327742035840e-01
1.524331805835255904e-01
1.524133210858181486e-01
1.524069262643475975e-01
1.524069262643475975e-01
1.523622332008295610e-01
1.523622332008295610e-01
1.523622332008295610e-01
1.523565784159410519e-01
1.523565784159410519e-01
1.523565784159410519e-01
1.523565784159410519e-01
1.523565784159410519e-01
1.523469057953036609e-01
1.523469057953036609e-01
1.523469057953036609e-01
1.523469057953036609e-01
1.523063575794377789e-01
1.523063575794377789e-01
1.522559805811059819e-01
1.522559805811059819e-01
1.521624049419851854e-01
1.520743717108621329e-01
1.520409686473734034e-01
1.520409686473734034e-01
1.520013699720999534e-01
1.520013699720999534e-01
1.518944695723891958e-01
1.517995494926579203e-01
1.517863383212368911e-01
1.517349614459195528e-01
1.517077463431505957e-01
1.517045087368496803e-01
1.516728622199942367e-01
1.515658054946817657e-01
1.515090635953362797e-01
1.515090635953362797e-01
1.514802474304385582e-01
1.514597675094259965e-01
1.514597675094259965e-01
1.514597675094259965e-01
1.514566271828924338e-01
1.512733746901312459e-01
1.509707030990193877e-01
1.508111989377834694e-01
1.507591312009482765e-01
1.506359861793039046e-01
1.505133965598952350e-01
1.503248163366010803e-01
1.503248163366010803e-01
1.502744528894504328e-01
1.502043428149202886e-01
1.501342988557523850e-01
1.500978062259858414e-01
1.499527377790645655e-01
1.499527377790645655e-01
1.499527377790645655e-01
1.499356865943994865e-01
1.499324196389592856e-01
1.498834182244400404e-01
1.491417935299668984e-01
1.491417935299668984e-01
1.491417935299668984e-01
1.489728147226594968e-01
1.489728147226594968e-01
1.489728147226594968e-01
1.488666225694964262e-01
1.488666225694964262e-01
1.488042534981991183e-01
1.486887764359902109e-01
1.486887764359902109e-01
1.486887764359902109e-01
1.484462073715288044e-01
1.484407035360889027e-01
1.484407035360889027e-01
1.484407035360889027e-01
1.483482541520537712e-01
1.483007613516550416e-01
1.481735618326834869e-01
1.480983045310466928e-01
1.480983045310466928e-01
1.480225609448866109e-01
1.479291159324166161e-01
1.479245652244877696e-01
1.478478654343118037e-01
1.477852193978705653e-01
1.477044207528077080e-01
1.475693204810891723e-01
1.474602922450560238e-01
1.473729642446426069e-01
1.471150091605438470e-01
1.469238410029406749e-01
1.468970506071907711e-01
1.467598715707153501e-01
1.467598715707153501e-01
1.466714978532790425e-01
1.465812364442776738e-01
1.463418483263396741e-01
1.463418483263396741e-01
1.463418483263396741e-01
1.462763990512716827e-01
1.462763990512716827e-01
1.462034341833053086e-01
1.461123176184801475e-01
1.459948154640463291e-01
1.459581766147808879e-01
1.459581766147808879e-01
1.459581766147808879e-01
1.459229042168898594e-01
1.458123584604851530e-01
1.457861205039485963e-01
1.457861205039485963e-01
1.457861205039485963e-01
1.457861205039485963e-01
1.456786425835125964e-01
1.456614819247085413e-01
1.456614819247085413e-01
1.456330961042401895e-01
1.456330961042401895e-01
1.456330961042401895e-01
1.456330961042401895e-01
1.456330961042401895e-01
1.456330961042401895e-01
1.456330961042401895e-01
1.454868421398752276e-01
1.454868421398752276e-01
1.454868421398752276e-01
1.454850793922742025e-01
1.454850793922742025e-01
1.454640753152074140e-01
1.454640753152074140e-01
1.454640753152074140e-01
1.454194006217759128e-01
1.454194006217759128e-01
1.454194006217759128e-01
1.454194006217759128e-01
1.454128124606405004e-01
1.452797759456244675e-01
1.452797759456244675e-01
1.452797759456244675e-01
1.452579761068683584e-01
1.452546369278513716e-01
1.452546369278513716e-01
1.452546369278513716e-01
1.452473904021859552e-01
1.452473904021859552e-01
1.452473904021859552e-01
1.451821125502156251e-01
1.451821125502156251e-01
1.451821125502156251e-01
1.451821125502156251e-01
1.451821125502156251e-01
1.451592081248846700e-01
1.451592081248846700e-01
1.450979610574984757e-01
1.450899020697506425e-01
1.450899020697506425e-01
1.450899020697506425e-01
1.450731597010561646e-01
1.450731597010561646e-01
1.450731597010561646e-01
1.450417313028651289e-01
1.450417313028651289e-01
1.450417313028651289e-01
1.450417313028651289e-01
1.450309634946801152e-01
1.450309634946801152e-01
1.450205646282120842e-01
1.449833396817063469e-01
1.449639875562721281e-01
1.449424928769321719e-01
1.449424928769321719e-01
1.449259034607520702e-01
1.448861007944410584e-01
1.448594345519329252e-01
1.448212735873593837e-01
1.447829457920627449e-01
1.447521880615828815e-01
1.447476666542641954e-01
1.447329414650219970e-01
1.447329414650219970e-01
1.447087471996828245e-01
1.446919100882398945e-01
1.446842887971575842e-01
1.446601209115256637e-01
1.446574421336367378e-01
1.446574421336367378e-01
1.446574421336367378e-01
1.446574421336367378e-01
1.446426469020133943e-01
1.446426469020133943e-01
1.446404801249682182e-01
1.446404801249682182e-01
1.446404801249682182e-01
1.446289066276854607e-01
1.446289066276854607e-01
1.446289066276854607e-01
1.446217898849686823e-01
1.446161452044502638e-01
1.446161452044502638e-01
1.446161452044502638e-01
1.446161452044502638e-01
1.446115006016432114e-01
1.446081790523593702e-01
1.446078102730328496e-01
1.446078102730328496e-01
