6.862278850459950785e-01
6.833330853278687389e-01
6.808906106657784951e-01
6.768196813769697950e-01
6.732908460205925261e-01
6.714463830217519691e-01
6.689771500822530026e-01
6.675979904348385841e-01
6.645986476320706604e-01
6.631784671738016890e-01
6.612546117897942777e-01
6.575670363767186499e-01
6.556844667969821128e-01
6.537861401230100622e-01
6.509724636892645355e-01
6.477401206863523386e-01
6.457358223073225156e-01
6.426327934650039042e-01
6.400287479248581990e-01
6.390827552742923690e-01
6.347955264173267276e-01
6.311023184562336574e-01
6.320055064939104073e-01
6.302891954978073752e-01
6.275983541303516988e-01
6.219314417392722838e-01
6.182799426719453040e-01
6.162303564800725164e-01
6.121796299409065778e-01
6.138474362596383349e-01
6.061012759526623883e-01
6.103045433313797341e-01
6.085437698818346730e-01
5.975056876090760749e-01
6.001065640458950190e-01
5.954945645623683781e-01
5.874640942385904729e-01
5.900931425969350164e-01
5.895362706498551431e-01
5.833835241575303643e-01
5.769711662117001927e-01
5.828652631707795795e-01
5.717721387909081576e-01
5.862983783196036303e-01
5.718548366828749563e-01
5.740482525106372913e-01
5.625185114551453092e-01
5.545297397501052217e-01
5.634804624513186644e-01
5.537282651450560200e-01
5.504270194054355914e-01
5.402595280960331703e-01
5.443995408420760906e-01
5.499726202891426219e-01
5.427568360578197693e-01
5.462660242282347811e-01
5.305025570249310984e-01
5.304965647193028433e-01
5.303061718543278236e-01
5.290236213186942926e-01
5.295464241780113435e-01
5.287196831036584665e-01
5.171760398305422779e-01
5.131997182221108567e-01
5.125446319606201673e-01
5.231618076215573954e-01
5.163336359212800097e-01
5.077291199576771108e-01
5.084535492269932622e-01
5.055488998931787492e-01
5.023414661318617025e-01
5.055071139284401660e-01
4.916588111310043474e-01
5.019523541049283333e-01
4.929856663543117357e-01
4.847391518656247733e-01
4.935132823492828780e-01
4.933964919380220415e-01
4.763299679395536224e-01
4.862145083919148236e-01
4.797012923559925146e-01
4.808565463456874189e-01
4.741852366997158508e-01
4.675968440319996922e-01
4.667237639547899830e-01
4.632984300748356210e-01
4.583272920019593188e-01
4.641743688999422912e-01
4.681137544804171435e-01
4.882736274188082537e-01
4.701444939556104763e-01
4.577440792339773079e-01
4.730061620381583176e-01
4.531894475010161960e-01
4.535895919202938553e-01
4.486949451000808997e-01
4.617469652378891620e-01
4.462571355033155829e-01
4.378101314819637380e-01
4.557392773219256510e-01
4.490971518820057740e-01
4.531926674705424873e-01
4.326373055491375963e-01
4.355649603476459131e-01
4.514619950430870943e-01
4.567269037870759218e-01
4.302174985687651776e-01
4.270663123600105249e-01
4.387059087903956711e-01
4.352313957494923224e-01
4.413781688928767877e-01
4.258815159699955166e-01
4.290576540297484365e-01
4.331464634462840468e-01
4.155818257199145327e-01
4.188057111357068041e-01
4.243201470695107114e-01
4.155111666603475973e-01
4.187723231250453648e-01
4.254247144928718916e-01
4.139168776231387237e-01
4.132472489697654461e-01
4.265043430406187941e-01
4.140882618752963484e-01
4.221547480389425400e-01
4.262080867102399084e-01
4.052268481564205715e-01
4.100515946488131891e-01
4.392275068055395693e-01
4.165016670692768264e-01
4.017953882348251349e-01
4.058214454532864113e-01
3.961892495785659940e-01
3.951611953574152847e-01
3.940180603933635117e-01
4.035644531135919033e-01
4.040522147827799726e-01
3.953111580504645173e-01
3.990491542741155806e-01
4.020034299290934365e-01
3.887208116633018573e-01
3.991190825599489900e-01
4.021434259596226579e-01
3.884291867273718113e-01
3.814780847489851467e-01
3.955444540305111945e-01
3.833636366514282523e-01
3.870362244599784840e-01
3.770451353047624687e-01
3.810565434473696667e-01
3.838297705899498258e-01
3.739116694447826017e-01
3.804796967769013549e-01
3.777382913109786355e-01
3.778307110131918778e-01
3.735472109914303451e-01
3.887250576960870063e-01
3.672234207190481214e-01
3.845624301424047653e-01
3.899464304503514334e-01
3.691633659030503223e-01
3.618216577648489252e-01
3.718441168705884925e-01
3.731760370943626448e-01
3.742581540077158930e-01
3.615454842750775444e-01
3.705686151193642308e-01
3.827825684692102159e-01
3.830447870004738964e-01
3.585994131787585970e-01
3.594767624728339994e-01
3.699369886033427313e-01
3.646093422866947820e-01
3.601895867153905861e-01
3.635331779692610454e-01
3.564129701954759089e-01
3.611868792309390064e-01
3.616169735216936965e-01
3.601195585847772884e-01
3.476992759696447832e-01
4.116823447332101371e-01
4.026255466748780987e-01
3.631690329189650734e-01
3.746051012243566403e-01
3.673672782500091438e-01
3.627272192694998565e-01
3.571479539665187164e-01
3.620133892588252023e-01
3.617090112336247554e-01
3.382546305115184948e-01
3.471845103039628566e-01
3.667932862787220971e-01
3.584748985954978595e-01
3.538553099534866297e-01
3.563313491914228970e-01
3.502730423204064580e-01
3.431384253491360226e-01
3.348018905323359995e-01
3.431510164690349529e-01
3.471706981996611763e-01
3.425571411706376801e-01
3.442862412866872779e-01
3.402854068382338282e-01
3.461672951094347805e-01
3.444206445909755443e-01
3.389903150247524088e-01
3.518621883230657055e-01
3.285679148141454342e-01
3.366053133113646734e-01
3.394663731223609981e-01
3.425964866062164438e-01
3.323866273489330392e-01
3.570161358390059880e-01
3.327383425957340934e-01
3.368533301886038611e-01
3.267806625512673646e-01
3.588985724004400413e-01
3.325130116715795392e-01
3.428267345576169745e-01
3.523052789926003348e-01
3.454175743842798907e-01
3.453890790647625164e-01
3.507459439341136798e-01
3.286929323697775907e-01
3.204563344590981022e-01
3.290101176366569402e-01
3.194973617961875401e-01
3.402305614896369845e-01
3.227607139025089333e-01
3.327505771583867955e-01
3.319868814303922333e-01
3.248375481772878826e-01
3.320324681498423858e-01
3.151187343041667033e-01
3.485658371406407108e-01
3.231349260867931172e-01
3.386279569357923402e-01
3.184974563408212722e-01
3.180036837789089743e-01
3.243809452297592988e-01
3.249152553022899848e-01
3.186627354657898259e-01
3.234132896190423656e-01
3.139600255205664547e-01
3.092726558813664872e-01
3.203329225781339495e-01
3.260990827537270653e-01
3.231048535271938138e-01
3.309557004884335352e-01
3.214423637804182943e-01
3.040411643901864691e-01
3.058843934061559189e-01
3.308720891610608672e-01
3.312413495649890738e-01
3.186093150487283587e-01
3.349314405191162192e-01
3.157817885964855908e-01
3.220324466457969992e-01
3.178527933805397887e-01
3.080445404985083235e-01
3.186185465878996204e-01
3.121824282977824216e-01
3.200033744253605872e-01
3.203693448079397155e-01
3.232052701485396695e-01
3.025665749876159660e-01
3.424123595425001554e-01
3.086414853887206600e-01
2.981500493558710274e-01
3.113743039029674975e-01
3.044223807204072818e-01
3.257141197105870023e-01
3.221518344899581554e-01
3.114581544389924961e-01
3.231255635374522539e-01
3.081500938736858042e-01
3.146148959516186783e-01
3.121971586372209173e-01
3.101084637779328856e-01
3.023439533633889842e-01
3.274173200131488826e-01
3.089931419728303985e-01
3.181810188364969094e-01
3.117367282208807211e-01
3.089929948926199987e-01
3.077213404038273703e-01
3.049969663493954930e-01
3.077778648654018734e-01
2.945924139138065834e-01
3.172138260753002981e-01
2.973855914338528472e-01
3.040656128300025518e-01
3.032110315641518561e-01
3.045179756443650021e-01
2.960965483746970106e-01
3.387719867535630702e-01
3.336989121428525773e-01
3.093876218760281960e-01
3.042675234680136120e-01
2.895488557996706014e-01
2.949517700623869310e-01
2.942555862738386874e-01
3.053947296704201397e-01
2.913772571145941681e-01
3.146537945193016994e-01
2.984479913641226445e-01
2.885776179760620175e-01
2.898714553018048035e-01
3.043922489511630691e-01
3.100529891855443032e-01
3.128757385084685039e-01
3.004761260361523689e-01
3.124257366068824981e-01
2.961946156416498943e-01
3.062601100232298923e-01
2.912165383615573089e-01
3.288138799391773781e-01
3.055401858675449445e-01
2.971847560583255055e-01
2.855036848433973318e-01
2.909723713247529542e-01
2.951760161190452036e-01
3.194738476488113710e-01
2.967485506723956390e-01
3.021036046200715752e-01
3.082865639164177329e-01
3.166098903301968193e-01
3.004242822396914203e-01
3.112325193180392469e-01
2.880130364253721820e-01
3.180633322393586204e-01
2.834734825612958975e-01
2.762398035381008476e-01
2.907275922000509549e-01
3.148294719800038832e-01
2.911503551545823743e-01
3.043491584449760090e-01
3.135051955624379993e-01
2.902062339491950915e-01
2.915977673860837283e-01
2.862371436490568355e-01
2.819432346689387248e-01
2.812840674542599340e-01
2.876511129225023944e-01
2.845663612709350976e-01
2.777750039676601390e-01
2.925788661182566197e-01
3.046076692199947700e-01
3.069989655708486032e-01
2.914344350235973935e-01
2.902790868065974195e-01
3.126262506643130989e-01
2.808160690879840105e-01
2.857788927383103084e-01
2.770568509709076532e-01
2.715895705197807208e-01
3.037983686962019703e-01
2.970234578304565276e-01
2.925957393169344445e-01
2.787164963639298665e-01
3.037223985137543769e-01
2.895800389705325828e-01
3.074380776392384162e-01
2.735142173380012975e-01
3.034697480677742698e-01
2.817250194962964138e-01
2.875883953649608915e-01
2.839542561158704959e-01
2.751637119262638209e-01
2.885326072011401566e-01
2.851121022995855570e-01
2.795686708141545407e-01
2.921421510389546339e-01
2.923126216749719619e-01
2.893886148399771874e-01
2.756634854481790353e-01
2.940239976685664058e-01
2.774723966271496756e-01
2.816669608309008699e-01
2.805842024257357847e-01
2.925586592545885711e-01
2.931653470290186414e-01
2.856727405154372845e-01
2.720659648046409584e-01
2.807737918265175159e-01
2.963682739256393028e-01
2.682325023049739743e-01
2.844544290453582813e-01
2.788604915527006511e-01
2.989498678578222934e-01
2.782601707552616599e-01
2.794792729210678339e-01
2.768436588359541317e-01
2.797204583145161960e-01
2.689548210768697989e-01
2.745562251956331634e-01
2.802012777937577526e-01
2.795697316842282731e-01
3.006337249726823146e-01
2.730486793961265368e-01
2.781835016286788309e-01
2.787295763035589902e-01
2.807330946612990319e-01
2.730463504142294773e-01
2.677306015685080864e-01
2.884435413949703597e-01
2.703326150261352590e-01
2.877768358016021821e-01
2.862349130869129010e-01
2.667246792238645026e-01
2.740399787401893716e-01
2.978162577798780797e-01
2.655110763936016638e-01
2.727234433407066394e-01
2.856392908204088976e-01
2.749286670808255839e-01
3.180896824021340885e-01
2.864011903176000295e-01
2.720474215741594537e-01
2.852203700718775603e-01
2.755598760257686464e-01
2.645762678667327727e-01
2.693736509419265013e-01
2.769851476189525985e-01
2.838212333020823097e-01
2.800683607536986197e-01
2.610372703720714727e-01
2.854601779032667763e-01
2.861027862002745170e-01
2.658243198298735899e-01
2.591550547149080175e-01
2.668736648934521560e-01
2.867655816609883668e-01
2.901679885270219139e-01
2.820795067985109594e-01
2.858443488475408967e-01
2.798084683736979938e-01
2.597372634337201669e-01
2.758617293556568928e-01
2.660294908381069523e-01
2.723770963696935943e-01
2.803786941967379431e-01
2.763315892659267137e-01
2.648424146815780977e-01
2.754627953514455774e-01
2.846785662434425657e-01
2.594142876766331041e-01
2.879199274749053017e-01
2.753073528992132091e-01
2.721517472019215345e-01
2.721622068103212722e-01
2.885251013754985272e-01
2.837832036396670254e-01
2.596108900484473403e-01
2.814093871120725843e-01
2.796623037586994931e-01
2.618619589129662084e-01
2.559872694004125537e-01
2.629899663139120269e-01
2.658646974008052055e-01
2.811050722005900004e-01
2.565349622800796037e-01
2.732051325072372139e-01
2.725576088603557379e-01
2.776694282936352232e-01
2.516816644268171643e-01
2.681530881272526923e-01
2.654991256042734671e-01
2.786667902824925824e-01
2.680987424408269315e-01
2.604829098235443285e-01
2.563886534587075938e-01
2.509387182027966179e-01
2.602609709620708478e-01
2.593527826075063825e-01
2.576816708331705619e-01
2.732828785440669650e-01
2.604284266004622816e-01
2.769252384658790200e-01
2.670687120752455734e-01
2.671344199601016212e-01
2.778105576221345241e-01
2.795605163605003329e-01
2.534104852950589959e-01
2.901638252187467848e-01
2.607996653377941954e-01
2.742211946425073266e-01
2.715788944555499462e-01
2.657972994184500393e-01
2.677631282283467473e-01
2.648243758432390904e-01
2.704578844780984870e-01
2.659792444888178786e-01
3.272010266155450653e-01
3.098654129315746575e-01
2.894326043387888681e-01
2.797577311719697257e-01
2.672892457266532462e-01
2.632309681440570537e-01
2.641547121224382400e-01
2.578954284168492039e-01
2.732006961396625799e-01
2.657036296115892759e-01
2.792636656010352714e-01
2.651707853117806768e-01
2.762418241088536730e-01
2.724178572322360492e-01
2.738338415895321676e-01
2.536429573952234673e-01
2.599012746272851282e-01
2.754558552939575522e-01
2.701416887725021643e-01
2.689201616440435871e-01
2.879339087365041516e-01
2.413440879699125519e-01
2.512747931189132644e-01
2.864925986101874433e-01
2.647093368129001534e-01
2.605527463606235328e-01
2.798356638541786290e-01
2.639338371128133187e-01
2.699883145633448223e-01
2.600966901528847797e-01
2.618188869085183446e-01
2.635744214469631364e-01
2.863732621378914933e-01
2.638215330408598680e-01
2.585568622530504124e-01
2.747454752648420540e-01
2.746262601452192365e-01
2.918996774562874208e-01
2.746351354430254244e-01
2.532725093959499185e-01
2.431784399073940450e-01
2.586367688743668736e-01
2.606937578558086721e-01
2.647131772317281029e-01
2.548211918657641850e-01
2.744010876525923015e-01
2.597048779312141620e-01
2.578208481111959882e-01
2.531295246488694528e-01
2.927315609063325108e-01
2.671346613910153822e-01
2.625176385033433646e-01
2.647439010547509297e-01
2.625460068702001326e-01
2.786497274093110987e-01
2.579280897941478301e-01
2.636655612187065456e-01
2.768833999037688676e-01
2.564819645875919263e-01
2.513889772549186552e-01
2.515605875471177977e-01
2.615950562232413068e-01
2.519175148172794754e-01
2.527600647057733352e-01
2.746271464241319404e-01
2.578809494346308018e-01
2.512114300280811618e-01
2.718047569509920436e-01
2.752714864005468276e-01
2.574601182927923615e-01
2.629090255394070375e-01
2.506838206712400652e-01
2.564939709843548354e-01
2.773436291811354759e-01
2.664265964062673131e-01
2.736142433143479158e-01
2.589848093495835668e-01
2.577350473547256882e-01
2.849633905740250883e-01
2.629393137374700373e-01
2.669731024845642953e-01
2.689235003731271223e-01
2.601360033677551087e-01
2.678629602982930402e-01
2.458684013873530250e-01
2.535337005582123937e-01
2.648672216855318950e-01
2.554987572217430891e-01
2.700288525194535771e-01
2.671231589084982483e-01
2.617797506056733781e-01
2.524018998974423278e-01
2.525433997897030269e-01
2.514056262226813110e-01
2.584432175564734813e-01
2.650046900026257757e-01
2.457874059113903387e-01
2.542621134107286296e-01
2.559307476486705757e-01
2.708411511135385141e-01
2.470195691534489146e-01
2.633377330516852854e-01
2.766933648358963493e-01
2.637894331624716093e-01
2.626834414577625121e-01
2.770724598201936839e-01
2.443836317000113723e-01
2.736211531030172117e-01
2.489530343435241988e-01
2.450962077208592160e-01
2.475740760015623931e-01
2.480291997233729784e-01
2.641261391168903128e-01
2.612175922692264174e-01
2.425480265668905344e-01
2.493631806838855491e-01
2.562173189564665443e-01
2.725946637065698730e-01
2.753886318252825594e-01
2.419589942592215992e-01
2.575264445002155567e-01
2.551180427875375800e-01
2.583134882240345487e-01
2.614070070039631877e-01
2.498942679394670074e-01
2.554427688934871044e-01
2.506386673632408080e-01
2.679600523800938494e-01
2.501253170031741413e-01
2.713441400268485348e-01
2.661919999750899102e-01
2.580122294361485991e-01
2.546738121412524536e-01
2.415704053173830523e-01
2.536332434107673173e-01
2.457454949018657020e-01
2.571000650069357740e-01
2.403510906868152885e-01
2.665404951548260848e-01
2.590603331414253474e-01
2.426963297294628397e-01
2.680239020203796230e-01
2.593037225883282337e-01
2.778488144666887982e-01
2.538643129466105486e-01
2.686214491702440532e-01
2.505452226999356768e-01
2.585522842663759979e-01
2.581791192543118618e-01
2.522684647687887249e-01
2.710714091385717506e-01
2.476517431246207102e-01
2.606551279880542915e-01
2.364058257411335850e-01
2.462899357501481534e-01
2.606308057622636065e-01
2.595101310166951780e-01
2.468604386333917433e-01
2.515982790839434435e-01
2.475074058655095666e-01
2.536697971369041849e-01
2.545449758774158133e-01
2.543626175017330016e-01
2.498733569235776775e-01
2.371367345326919063e-01
2.469809586040812022e-01
2.637073692334526154e-01
2.426534782395778911e-01
2.688270129334234260e-01
2.383716529582871890e-01
2.616382838364127439e-01
2.687261082819941693e-01
2.486627662506122882e-01
2.511899814977432421e-01
2.375900215575164620e-01
2.651465261422630282e-01
2.535267916440426261e-01
2.515750486994534629e-01
2.502749641880601117e-01
2.706353711945971852e-01
2.418038400128275367e-01
2.513785538197386704e-01
2.723491079005376236e-01
2.779601732113707868e-01
2.671200783033620962e-01
2.430306199939195888e-01
2.533999253665922269e-01
2.405947197216676825e-01
2.437458372127098982e-01
2.679484708483354516e-01
2.410503529831424241e-01
2.432685394378633903e-01
2.578148908725846900e-01
2.430001567284054420e-01
2.506613274629131971e-01
2.616785921482461807e-01
2.503635497531231380e-01
2.462548403499018324e-01
2.432133046672302346e-01
2.608112148832274491e-01
2.513003877611511561e-01
2.337140412897208142e-01
2.380295604316760572e-01
2.453886783322256626e-01
2.535299127598126256e-01
2.557378000963065889e-01
2.424758616915837217e-01
2.441112510220889431e-01
2.600086413534330454e-01
2.478473033260329694e-01
2.514146158024676003e-01
2.302337940253271209e-01
2.579980113517599261e-01
2.473045619396926076e-01
2.583286917939525140e-01
2.354708021517568362e-01
2.576200349401343570e-01
2.376598002935677023e-01
2.375877056612422655e-01
2.426402436264641360e-01
2.409833510761319741e-01
2.726233525235048361e-01
2.350275502667419081e-01
2.381516285413208256e-01
2.709106195394583860e-01
2.492599714719373194e-01
2.665794373785361215e-01
2.460326160705700871e-01
2.589671119787738118e-01
2.560770811606795094e-01
2.530250442164909130e-01
2.435219721001603554e-01
2.494047116877755044e-01
2.410673044363164930e-01
2.528882348821183124e-01
2.471375213135983406e-01
2.516870376758076899e-01
2.565575251499533915e-01
2.460932028612919098e-01
2.505064775523155318e-01
2.720253767788671784e-01
2.467322010668364651e-01
2.530157877860272908e-01
2.438591440403785893e-01
2.668487022874164172e-01
2.649822106010183975e-01
2.526512162872598943e-01
2.421222253109874822e-01
2.274128833820149576e-01
2.400541569478779336e-01
2.448356925653143445e-01
2.466314976499751621e-01
2.541431627180554265e-01
2.365256673851416358e-01
2.463778863645347261e-01
2.364231918056310666e-01
2.533539205961821139e-01
2.531774215454843935e-01
2.636850509804415377e-01
2.341421024338476709e-01
2.549099732256531192e-01
2.615001060286876733e-01
2.420811305699352711e-01
2.455130757322722124e-01
2.675183238581018697e-01
2.322120091730484615e-01
2.654914666045317118e-01
2.431517803777929754e-01
2.367075904917264328e-01
2.597670315851041689e-01
2.342257170372914199e-01
2.498980044406071965e-01
2.464403911791294144e-01
2.367761221226477586e-01
2.305842050651365216e-01
2.497481669956130579e-01
2.290088324253929664e-01
2.361122424077906068e-01
2.444211201638281650e-01
2.539905070449486879e-01
2.461847695502885902e-01
2.593837577315815102e-01
2.370083321464641901e-01
2.727106860536662181e-01
2.374546192470426142e-01
2.477881320847629687e-01
2.577443241580519850e-01
2.733407348721604846e-01
2.496810421163815352e-01
2.526372682289957372e-01
2.504541063758136121e-01
2.554077089526626265e-01
2.361516770606486293e-01
2.526060109146104904e-01
2.336135966860951596e-01
2.545049807831755717e-01
2.474554994637655214e-01
2.580419608947998600e-01
2.414806351856386979e-01
2.360928030879121675e-01
2.488887464010055006e-01
2.373863742590083259e-01
2.342090789087479807e-01
2.401857973444562755e-01
2.391446489882417814e-01
2.458691331269791114e-01
2.390164463518612004e-01
2.461553312008587791e-01
2.367577888298560695e-01
2.459408449267809771e-01
2.563427792852039366e-01
2.482780928347052551e-01
2.403161831543541016e-01
2.477780259485753700e-01
2.281443042275365096e-01
2.300614273496910944e-01
2.416262208243476206e-01
2.408185041548665251e-01
2.578733453607904291e-01
2.400077198359433506e-01
2.519644837385857095e-01
2.400542452646528824e-01
2.512984393360845892e-01
2.439051057718382987e-01
2.428292819339406550e-01
2.403111433609186331e-01
2.643645046887020955e-01
2.318290919351597423e-01
2.502610501730140879e-01
2.322097079236573880e-01
2.644729260118371950e-01
2.319706806157873502e-01
2.506094856216790623e-01
2.534579736962702667e-01
2.530550446454080116e-01
2.467097489804623844e-01
2.396830014595514036e-01
2.378424735955843305e-01
2.303991358150798141e-01
2.505593294356334710e-01
2.451535500287840286e-01
2.568399824254419261e-01
2.438154569759568291e-01
2.554830494837376231e-01
2.375360719402530574e-01
2.386069127512738808e-01
2.455188510294371573e-01
2.777201521992803124e-01
2.395855292277443149e-01
2.506017999931178242e-01
2.276715226303565875e-01
2.468512636043255770e-01
2.414250949134499613e-01
2.379234821200138517e-01
2.434827576847515829e-01
2.573297943979046543e-01
2.290506774786493227e-01
2.497930669205681020e-01
2.462552318124343331e-01
2.461853835951942349e-01
2.500983883550325082e-01
2.440039862467245357e-01
2.338490390545731046e-01
2.390891947050498845e-01
2.463914580129576426e-01
2.389731007692201259e-01
2.304688170942243153e-01
2.366733407973866665e-01
2.390902246193634950e-01
2.496005381964458980e-01
2.551751315114862972e-01
2.532684447231066671e-01
2.420659354423790877e-01
2.325459992712040069e-01
2.400278263326641737e-01
2.380393194776299071e-01
2.737413702443060592e-01
2.455582566701978442e-01
2.351882241737264512e-01
2.498477384774948351e-01
2.413562558375004219e-01
2.298207295199305722e-01
2.403801737868736521e-01
2.482473101352565825e-01
2.487829137906652222e-01
2.234284689439244298e-01
2.500899059185665019e-01
2.328133843049304263e-01
2.337072854826225121e-01
2.355749429421238328e-01
2.466334259057376688e-01
2.564185333526360355e-01
2.396282511678743954e-01
2.329267958643933822e-01
2.473237040248680574e-01
2.386173958758553149e-01
2.570115687545440619e-01
2.399744504251608013e-01
2.567414147797145163e-01
2.501133217415659193e-01
2.409029924766308839e-01
2.475374115930418784e-01
2.322878627653564010e-01
2.232585584937614998e-01
2.327524485320484338e-01
2.382095582089402419e-01
2.287151428188864966e-01
2.464054570516227838e-01
2.371749123459839514e-01
2.449282756031250785e-01
2.478502960789839560e-01
2.419246716991117485e-01
2.618895164300297229e-01
2.637164798042003766e-01
2.475873404682004675e-01
2.568101433485271423e-01
2.352284974851329979e-01
2.513596353398835914e-01
2.424314997882852374e-01
2.295395447108844189e-01
2.344041082555020916e-01
2.266874439330035518e-01
2.454765441644442825e-01
2.587048452411198629e-01
2.389628026658234261e-01
2.510151247759957460e-01
2.384624178681375439e-01
2.289389509642885123e-01
2.470771608010223219e-01
2.558578386980619457e-01
2.451134916731124158e-01
2.385639592010833088e-01
2.369168724792718728e-01
2.332974607881142248e-01
2.444586715537806765e-01
2.409950438833188546e-01
2.317451420615571633e-01
2.255161682239844867e-01
2.421990483854831178e-01
2.570708758076498124e-01
2.261464669701311880e-01
2.462912928481759411e-01
2.347860505744785442e-01
2.546716073452537921e-01
2.326386818918801669e-01
2.392438999042516556e-01
2.393638634120593411e-01
2.419381149315071866e-01
2.368312547588553862e-01
2.354963176870108199e-01
2.562677412883569983e-01
2.420083200620886665e-01
2.558196340570790817e-01
2.374643185453796379e-01
2.387283692864820006e-01
2.519979529981098976e-01
2.411959845828137161e-01
2.285987753880691364e-01
2.455817731390836922e-01
2.265255861279807381e-01
2.442132959547080595e-01
2.435312569433088214e-01
2.243145443744596346e-01
2.438972867499936414e-01
2.385278730208769127e-01
2.357983432143319069e-01
2.356191426117792975e-01
2.543236179746592995e-01
2.530788472209296036e-01
2.296038873356345544e-01
2.382721740063052096e-01
2.351522350630683156e-01
2.446769656752600108e-01
2.319783797971683159e-01
2.380727150014980420e-01
2.270088402378886150e-01
2.352928129385451206e-01
2.589833595389620102e-01
2.414765475190826516e-01
2.296961033835363819e-01
2.456836259567899139e-01
2.324238849198084211e-01
2.544412768417587123e-01
2.383692271289539477e-01
2.358748108362817564e-01
2.477021195017966582e-01
2.168380471207976001e-01
2.416241939613160694e-01
2.290297445747333516e-01
2.275349131673702063e-01
2.359628174548944468e-01
2.247673531837117433e-01
2.281281572165378968e-01
2.430295020322704724e-01
2.360302444987825710e-01
2.486231032938421015e-01
2.347123598220326179e-01
2.292770981169069411e-01
2.341750224246192114e-01
2.407192473222858620e-01
2.414196732002678591e-01
2.313642608671284961e-01
2.283614137479061390e-01
2.380744227857674589e-01
2.326025996208225533e-01
2.300665892637290544e-01
2.464261416583329034e-01
